0123456789
0987654321
123456789
012345678
01234567
12345678
0123456
1234567
123456
012345
eight
seven
three
01234
12345
54321
1020
0126
1306
2811
0220
2208
2507
2904
1003
1968
2511
0330
0828
1223
2505
0901
1997
1017
1113
1404
zero
2812
0425
0712
3010
1915
1979
0817
0821
0307
0128
0424
0108
1311
0410
0822
1201
0504
0505
0420
0819
1917
2111
2601
1510
2602
2000
2905
0219
0804
1703
1957
1612
1231
0328
0622
1101
0808
1812
2708
1234
2710
2401
1224
0517
0616
0701
1965
2102
1116
2108
0526
0117
1204
1948
2712
0730
0211
1410
2512
1950
0623
0209
0214
1608
1016
0728
0705
2912
1208
0413
1504
0906
1013
2012
0710
2412
2407
0724
2508
2510
2005
0121
0709
0630
2911
1801
0717
0905
3107
1974
1992
0118
1228
0720
0218
3101
2503
2311
2408
0224
1910
1005
0513
1130
0411
2309
1808
0112
1023
0113
0529
1900
1214
2007
2303
0903
0419
nine
1962
2002
1955
1402
3004
0909
0110
1603
1123
1031
1509
0707
2302
1709
1602
1609
1412
0414
1930
0417
1205
2704
2306
2210
0525
1939
1129
0813
1918
1969
1953
0723
1203
0326
1109
0506
1015
1105
2207
0217
1125
1805
0104
0402
1922
1218
1229
2013
0523
1010
1115
2707
1215
1024
1019
2809
1302
1312
0803
3005
2106
1408
1938
0721
2003
0902
0418
2802
0831
2607
2001
1708
0711
2701
1924
0405
0426
2605
1914
0604
1225
1227
1309
0807
0203
0627
1002
0613
0826
1307
0321
0115
1927
1111
1108
0601
four
1707
0315
1811
1710
0911
0303
0829
1951
1956
1409
0427
0522
2612
2009
0812
1026
1904
0927
1119
3009
0924
1985
0205
1611
2107
0708
0628
0416
1606
1126
0215
1925
2203
0620
0111
2406
1990
1986
2020
0122
1103
1018
2110
1114
3001
0514
1008
0429
0731
0823
0316
1935
0306
1220
0120
1906
2610
0718
0925
0331
1406
1952
1994
1303
2404
0210
2304
2008
1983
1912
2011
0716
0401
1934
0827
1996
0702
1978
1981
2604
1902
2014
0216
1803
0103
1210
1102
2305
2023
0223
0322
3011
1106
1030
1711
0524
0213
2104
0227
1933
0706
0626
0802
1702
1014
2909
2201
0625
1987
1958
1405
0308
2806
0323
1949
0124
2021
1809
0123
0910
1121
1911
1944
2010
1804
1021
0408
0610
2411
0814
2019
0423
2606
1947
2711
1503
0915
2204
3110
1706
1921
1512
0913
0528
0830
0329
0501
0222
0228
1945
0512
1304
1903
2709
0311
0929
1975
2103
2410
0617
2908
0409
1337
1117
0619
0624
0430
0101
1989
0713
2611
0313
1501
1970
1931
0309
0726
1961
2109
0608
1219
0912
1937
0811
0221
1946
0116
1403
1610
1928
0930
0715
0918
0904
1012
0816
0421
2015
0319
2403
0317
4321
2409
0130
0515
1964
3006
0403
1999
1907
0926
0606
0825
2901
2209
1932
1401
0516
0618
1506
0519
1980
2805
1941
2212
2803
1959
1913
1982
1916
2017
2112
1973
0407
0919
1936
0208
1222
3108
0301
1701
0605
1128
1407
0703
0520
0921
0824
2608
0531
2004
2801
1112
2501
0603
1605
0704
0302
0614
2405
1028
0415
3105
0114
0508
0207
3012
1301
0206
0615
0928
0226
3003
1963
0225
1217
0310
2025
1995
0518
2810
1806
1967
2702
0318
2808
2018
0609
1004
1202
1919
0621
1705
2101
1908
2024
2402
0820
0527
1230
0607
1920
0714
1601
five
1943
2910
2308
0312
1954
1305
3103
1712
0818
0304
2504
1807
1942
1027
1310
1411
1107
2312
3112
3008
2211
1502
0809
1221
2706
1905
1006
1988
1011
1226
1212
0507
0109
2206
1604
0521
1124
1207
0131
3007
0719
0324
1984
2509
0320
0923
0815
1009
1810
0314
0509
1966
0204
0105
0907
1704
0722
0422
1940
0201
1308
2022
1507
1213
0727
0806
0920
1216
1209
1029
2907
0612
1991
1926
0202
1122
1508
0917
1977
1206
1127
0602
0125
1993
1971
0611
2804
1972
2807
2016
0510
0503
2310
0106
0914
1511
0102
2006
1960
0530
1120
1022
2506
2105
1211
0908
1607
1025
0629
0404
0810
1118
2205
0412
0502
2705
0305
1007
0729
0325
1001
2202
0805
2903
0406
2703
2603
0212
1104
0119
1976
1929
0129
0725
2502
1998
0511
2301
1505
0327
2609
1802
0107
0127
2906
1901
0428
2307
0801
0916
1923
0922
1909
1110
999
420
316
321
012
two
six
one
123
314
987
666
360
007
12
69
42
00
01
02
03
04
05
06
07
08
09
10
11
13
14
15
16
17
18
19
99
0
1
2
3
4
5
6
7
8
9
0123456789
0987654321
123456789
012345678
01234567
12345678
0123456
1234567
123456
012345
01234
12345
54321
1234
0123
2000
999
777
666
555
111
000
420
316
123
619
321
012
314
987
360
007
12
69
33
42
00
01
02
03
04
05
06
07
08
09
10
11
13
14
15
16
17
18
19
22
33
44
55
66
77
88
99
0
1
2
3
4
5
6
7
8
9

