
1
2
123
12
3
7
13
5
4
11
23
07
22
01
21
8
14
10
6
9
06
15
08
16
18
69
17
24
09
05
19
88
20
25
03
27
99
89
0
02
04
101
26
77
1234
28
00
33
92
2007
93
2006
87
94
29
2008
95
90
91
55
86
31
30
007
666
143
44
96
32
84
85
45
2005
78
98
97
66
34
82
83
12345
1994
100
81
1992
79
1991
1995
1993
56
1987
420
1990
76
111
777
2000
1989
75
321
2009
2004
67
80
1988
35
1996
74
72
42
73
1986
1985
2003
001
123456
54
50
36
333
555
2002
64
1997
1984
456
40
68
1983
1982
57
37
47
999
71
65
2001
41
911
52
1981
1980
43
63
70
53
46
121
58
48
38
247
2010
789
39
1978
62
1979
222
51
000
59
112
1998
159
49
234
1212
888
1977
619
200
61
125
214
60
187
1976
1999
1975
213
212
1973
786
123456789
102
147
182
1972
1010
6969
1974
987
345
1970
1969
305
316
1313
360
009
122
1111
711
808
1968
369
311
124
411
120
1000
223
2011
003
135
210
1971
1122
012
2012
567
313
117
500
246
323
110
444
008
209
1221
104
215
211
300
713
818
415
103
1014
131
132
520
202
106
225
1967
314
115
1123
1210
2121
1213
002
118
1965
010
128
1963
113
127
105
109
1966
3000
108
678
116
1223
1021
013
1964
318
1011
510
1224
2020
129
1218
216
310
1020
145
909
126
199
119
714
1231
201
1012
1230
412
011
114
107
1121
890
